1 6D635
2 6D620
3 6D596
4 6D566
5 6D536
6 6D497
7 6H635
8 6H620
9 6H596
10 6H566
11 6H536
12 6H497
13 6N635
14 6N620
15 6N596
16 6N566
17 6N536
18 6N497
19 6N458
20 6N425
21 6N386
22 6N359
23 6R635
24 6R626
25 6R614
26 6T635
27 6T620
28 6T596
29 6T566
30 6T536
31 6T497
32 6T458
33 6T425
34 6T386
35 6T359
36 6X635
37 6X620
38 6X605
39 6X593
40 6X569
41 6X545
42 6X524
43 6X500
44 6X497
45 6X473
46 71635
47 71611
48 71584
49 71551
50 71521
51 71485
52 71449
53 71422 
54 71389
55 71356
56 75635
57 75611
58 75584
59 75551
60 75521
61 75485
62 75449
63 75422 
64 75389
65 75356
66 79635
67 79611
68 79584
69 79551
70 79521
71 79485
72 79449
73 79422
74 79389
75 79356
