6.995744956302079112e-03
3.876828779737611502e-02
2.596268156853585862e-02
9.610499069899277116e-03
3.068839454577406214e-02
3.749624635989389637e-02
1.644067179697107639e-02
2.846091823514774674e-02
2.062456578396967138e-02
4.723980964482643943e-03
1.313902765769761789e-02
3.202498268747558385e-02
7.730181769876553165e-03
3.205972652481795665e-02
1.855662779964022818e-02
1.940187776654368063e-02
2.841657962840704946e-02
1.653259072261447499e-02
3.191989040226124452e-02
1.903264598308103406e-02
2.328336789993434158e-02
2.665796889109357110e-02
2.345168544230128230e-02
1.394364449693154262e-02
2.655822597189752207e-02
7.126310537858412605e-03
2.076131498663963751e-02
3.881675025170332888e-02
7.411981639876941141e-03
2.883261638939803653e-02
1.430324669769068684e-02
1.228022520542033057e-02
3.433088979305418814e-02
2.304002147610791779e-02
3.490959786724243813e-02
2.867224399098433976e-02
5.065774348136960550e-03
2.835503143019121527e-02
3.066831656044373064e-02
5.598874294399371412e-03
3.114087470774482350e-02
1.398243769723959452e-02
4.902044713381424612e-03
4.325644501571564160e-02
2.737033491522918374e-02
2.804420966617827624e-02
2.265490389100987059e-02
4.465815505491531161e-03
1.442831288388418849e-02
3.291249134029688994e-02
6.063152249799095943e-03
4.178031494596486095e-02
1.616406004446047789e-02
1.925466592922055187e-02
3.340115220187522133e-02
1.465165907044132729e-02
2.714075911896888030e-02
3.527813624291895739e-02
6.934144493799538310e-03
2.175067155832798027e-02
3.037343348475541119e-02
5.239044365400840481e-02
3.869195078872367938e-02
9.473849809440982456e-03
1.978940552089395941e-02
5.157856002311909244e-02
1.460545601345325517e-02
2.988711220612735517e-02
1.909804805466622929e-02
9.440133432055802451e-03
3.808062263053679092e-02
2.043967061566677457e-02
1.538668459643026225e-02
3.324419031568076610e-02
1.706164484726096359e-02
1.234034028973650735e-02
2.889026863606272005e-02
2.510787253372801300e-02
3.845072495996084555e-02
2.835836367569641650e-02
2.081449768742837936e-02
3.813993955327475704e-02
2.134989874044173133e-02
1.538188477995779471e-02
3.725548328911192780e-02
6.302436059110396067e-03
1.725139421205030762e-02
3.786546157530269047e-02
5.639189840411275474e-03
3.248427252611352234e-02
1.253633741840376459e-02
2.578261722917156353e-03
3.321002541685815629e-02
1.614409175159183668e-02
2.753587803774525805e-02
2.435467216580068303e-02
5.475885497579753222e-03
5.500419548068581632e-02
2.564665568197295811e-02
1.010178575564189482e-02
2.722921154926400897e-02
3.120180578678363043e-02
1.151067652258145994e-02
3.623864422572719429e-02
3.212649328435756430e-02
4.157424048284934920e-02
2.273339541093223615e-02
5.116108073341541461e-03
1.222366486304758172e-02
4.041934968415965973e-02
2.099205133272895318e-02
3.666030109123698255e-02
1.679351530875169279e-02
3.100311367420564151e-02
3.935908444305434573e-02
9.304626432374429532e-03
2.844876840217425498e-02
1.753935007257846276e-02
2.562521128448273441e-02
3.185390637108728024e-02
3.115118053498507761e-02
5.495709089745533932e-02
2.831794258628736113e-02
5.979654644196140054e-03
6.427723176978335402e-03
4.459291584688516996e-02
2.577190083011389812e-02
3.782292256048071927e-02
1.633768480015924257e-02
1.428985151023045436e-02
6.401644928023796088e-02
2.074375474146929188e-02
2.205826701769792939e-02
3.362264738068967973e-02
5.938214737567478266e-03
1.540789987686525496e-02
3.637383325676593615e-02
8.382121666878379965e-03
3.039131559681916561e-02
1.405979261896624609e-02
1.105970520349129106e-02
5.186835090765397338e-02
1.752890599882180392e-02
2.266854083645215151e-02
3.424464256261429418e-02
3.607572611765723358e-02
6.936642571964828086e-02
5.068591954279534628e-02
7.383092326908906322e-02
5.997805306138536546e-02
8.709834408881811374e-02
8.719197155932766063e-02
6.430202959416611574e-02
5.894956270534522369e-02
7.359968890092048743e-02
1.071598377216952114e-01
8.218841697392564871e-02
1.001887320300579309e-01
7.024281058608211614e-02
8.633011873076061604e-02
6.049002563382759740e-02
7.190820742019075895e-02
8.100101719999253103e-02
6.818158981106624272e-02
6.836825863055537300e-02
7.046787784124208809e-02
5.834497521077826321e-02
6.921306173440128218e-02
8.354719192690715501e-02
6.677512575765091885e-02
7.258736551219278910e-02
6.345174766434232005e-02
6.731426341832912053e-02
7.325519619951757766e-02
8.898664718753816760e-02
1.569698463162544355e-01
9.243755013270425758e-02
4.823564901977719227e-02
4.513855455353105173e-02
5.240423166795272342e-02
6.565535590495531759e-02
1.237497128894476106e-01
9.100094731244737223e-02
4.628082652764847066e-02
6.252972017483607314e-02
7.141105352221607805e-02
6.731757983081305963e-02
7.413415329020636713e-02
8.131511514623838977e-02
1.453711649075038193e-01
8.416508796363963985e-02
7.309760511892300638e-02
5.710870830901380174e-02
6.901247879909208627e-02
7.698866555953345903e-02
8.272782017787097542e-02
1.161465271285039152e-01
7.049222977824734504e-02
6.924313012240389253e-02
5.835125004070705612e-02
5.742333270368928794e-02
6.888628112972412787e-02
9.063365539763054701e-02
1.278001995679787228e-01
7.055995919376788217e-02
4.367108510954995776e-02
3.691939747046781017e-02
8.197553451453223894e-02
7.382049547871699646e-02
1.303749797616456374e-01
1.322711211681364962e-01
5.510399393163558507e-02
3.865405760109872496e-02
5.669814159835211836e-02
6.323323833695777829e-02
1.315320876706703168e-01
6.514975923425039839e-02
6.676477358578107590e-02
7.446208258547876158e-02
7.351790868161831027e-02
6.884154581095160153e-02
1.149194315560481960e-01
6.467932598924988619e-02
8.644822440334955227e-02
7.722215552476342781e-02
4.095443945496009264e-02
1.784285146126428356e-02
2.817229349364723523e-02
2.607307515407539938e-02
8.348781163463356997e-03
1.873156586283085401e-02
6.666445128449639823e-02
3.827327908032974318e-02
2.376331235132427694e-02
2.092963900379918307e-02
4.947619831106322107e-03
1.538959824727375962e-02
3.688838561190004028e-02
9.025019799289856967e-03
4.037501231508889427e-02
2.561001665845694455e-02
1.104136611886794538e-02
3.154518468445353246e-02
1.048932251916623662e-02
2.566629410986993876e-02
1.990954573932575064e-02
9.424162581308088288e-03
2.665796427188177678e-02
2.583660448560402487e-02
1.195433209521241935e-02
4.148193010404212233e-02
8.577985969161913693e-03
5.197248781317747278e-03
3.867183008618827605e-02
1.547998950084831550e-02
3.586502732571873742e-02
4.513144187549290171e-02
1.631526621308364636e-02
3.272143466351527807e-02
2.121504746969201868e-02
1.397187089704239951e-02
2.888118271682038260e-02
6.818226784044007817e-03
1.283281502875327496e-02
2.819603395035138668e-02
4.760926975946929568e-03
2.848248678624266603e-02
1.738951443934902419e-02
4.429018596329814365e-03
3.724217210662565669e-02
2.373208502554612770e-02
2.546712336330136592e-02
4.302092581923681880e-02
1.803479202103422732e-02
2.432608646167234642e-02
4.923955888340714876e-02
1.859519752855863517e-02
3.291197341362067652e-02
1.176408252335512349e-02
1.095127832319299846e-02
5.969506734794467750e-02
1.629437689121860516e-02
2.442929602593504890e-02
2.572394092040242164e-02
5.345333502534426254e-03
1.981487744437872289e-02
3.084437136001977678e-02
1.333636259154970249e-02
4.243271295018393591e-02
1.979716877065957129e-02
4.644491641012204845e-03
5.797518350070796772e-02
2.455116262916412148e-02
2.490804104729527069e-02
2.118681257726004116e-02
5.307075118591315227e-03
2.430471428814710844e-02
6.127893924391732833e-02
6.739795696502299226e-03
3.757464044428927147e-02
2.005830892231547785e-02
1.258279036599914413e-02
3.724301736971759313e-02
1.621719757949329627e-02
3.183382546898504140e-02
3.516491543156180510e-02
1.140768828980625801e-02
3.362093141252602002e-02
4.690618812388577114e-02
1.073521836611976941e-02
3.279843155104202046e-02
1.418137632779410510e-02
5.160581435557646396e-03
3.886168530371101465e-02
2.762267873830396778e-02
3.344610600619655344e-02
4.234182267923278925e-02
4.205334039681165280e-03
2.825612480688519806e-02
2.069678725719008294e-02
1.786180856777146164e-02
2.864117110064388211e-02
5.394094860499288463e-03
2.137303057262550723e-02
3.218038671857476052e-02
4.385684331839639037e-03
2.981148621340574609e-02
1.350015860199917615e-02
6.794824528932289116e-03
3.416041942118185765e-02
1.942512294495993275e-02
2.130199663637450183e-02
2.383261815855994975e-02
4.194344214327462919e-03
2.343804296277517477e-02
4.976863537359339784e-02
3.484561860085305662e-03
3.275897880587862188e-02
1.109685360728094976e-02
3.649847440651969241e-03
3.710436191005853090e-02
2.933921276833850733e-02
2.482650309199237529e-02
2.305856706209138268e-02
6.216336427187967549e-03
2.249231090092200513e-02
2.356657387077395679e-02
2.206660042045065218e-02
3.055699096205579529e-02
1.994751997427538295e-02
1.023173344257269704e-02
4.521417308508834942e-02
1.617458489552695000e-02
3.019477270368076463e-02
1.997404929185605735e-02
5.019960835514215500e-03
3.240363466393723219e-02
4.940839158698712152e-02
1.858420077688424307e-02
3.227874996762086779e-02
6.780874643188942313e-03
1.022318285122110829e-02
4.195246731367749393e-02
6.485542437247163346e-03
2.626560898518830872e-02
4.899281095012747445e-02
1.782549808174288888e-02
3.642366114847035707e-02
5.021964846601140869e-02
1.307001736310018682e-02
2.687868843604851801e-02
7.060666131919822452e-03
1.997945552914902334e-02
4.073795669174583300e-02
5.485026669523873459e-03
3.259981402435816605e-02
1.276128227406194381e-02
6.827457310817291493e-03
3.991096110054290214e-02
1.581845459484594249e-02
1.929146944529828295e-02
3.397741678017664885e-02
2.239035315040395491e-02
1.058372943091629576e-02
5.658636722389005086e-02
6.269929875343709449e-03
2.998058957451101708e-02
1.187744796797106199e-02
3.299745540628450189e-03
4.372884939326850129e-02
2.288035037963225340e-02
3.617512845595068083e-02
3.264292661021407638e-02
5.671642916488249184e-03
1.453329802272092588e-02
4.123637860336480665e-02
2.208452833700271650e-03
4.553374490772772731e-02
2.536874753577748540e-02
2.459758111178734444e-03
4.226625916750717527e-02
5.084567573031432974e-02
2.620687358919075727e-02
2.128932892124870899e-02
1.750770303164079708e-02
2.088681625307650669e-02
2.358216255124296126e-02
2.264175978628201261e-02
2.931793534068093815e-02
3.247758654827671843e-02
1.449586090983764723e-02
4.630397404995787586e-02
1.861379276564985655e-02
3.284534791210592247e-02
3.477771826454423981e-02
1.900933290966607195e-02
2.535831938920449571e-02
3.298775355175292273e-02
3.867127933626682973e-02
2.914106692744700133e-02
8.110517818429814618e-03
1.232479472780630310e-02
4.122211990827252814e-02
5.564003114805969943e-03
3.102444630435241546e-02
1.408067943750719933e-02
2.622897247800559488e-03
4.196067187104403351e-02
4.319993574306326550e-02
1.693333380244934835e-02
3.999529440526116558e-02
5.638670753807363545e-02
8.889790509409802380e-03
2.380163458119019526e-02
1.184135702389106995e-02
3.056579436861439625e-02
4.452809837119785230e-02
6.981838475874448113e-03
5.515135780660635964e-03
4.188072349778530767e-02
1.243833021597056006e-02
3.376911875118464301e-02
1.762435163342056937e-02
4.261536736767678780e-03
6.661045138493004725e-02
3.581586566578214004e-02
1.558731311550523059e-02
4.318034329139191357e-02
1.347558669077244739e-02
2.070639830156219274e-02
3.858636970005149130e-02
6.668098609472524439e-03
2.963641372895380391e-02
1.333787723934154457e-02
4.128181453027069715e-03
3.148318250958839076e-02
1.637434014116361317e-02
3.230431758673472931e-02
3.064389373167978811e-02
6.043069456719523183e-03
2.481216439597245388e-02
3.935827670855876481e-02
2.964199254353617422e-03
4.401626190779440312e-02
3.616620114457678309e-02
1.712434677973861605e-02
3.784320716441630372e-02
1.293607520026884145e-02
2.511140242669461509e-02
2.300251659296614903e-02
4.575947907926763633e-03
2.455880844413826578e-02
2.538714106687773100e-02
1.992400580263021040e-02
4.056627741278921728e-02
9.042743870775072496e-03
4.088615090387438290e-03
6.132710864437802833e-02
1.622476994312622989e-02
3.823921625808752306e-02
5.034375144451219003e-02
4.289357091142191603e-03
2.608921282188366234e-02
3.251737783858148906e-02
7.973192376859899663e-03
3.252028546714793439e-02
6.991744439129576709e-03
1.373603799396803590e-02
3.834544965533664973e-02
1.249689920840279037e-02
3.795719193186052748e-02
2.964722668083484558e-02
2.290240685124251413e-03
2.226673080481340536e-02
2.249592518763064014e-02
1.367149158210952294e-02
3.728474123059401929e-02
1.821878765204445680e-02
2.591516018133263252e-02
3.300370104269333832e-02
6.343895084569672882e-03
3.818211503096253373e-02
3.030504238400037742e-02
3.635728343803094464e-03
2.873704433138040901e-02
3.848594720259957552e-02
3.416994513878477552e-02
2.640156774157248823e-02
6.008960847279850269e-03
1.224961942909015902e-02
2.787310365826602132e-02
5.355540314752514630e-03
3.175400945929891111e-02
6.542457154688383070e-02
1.138021894652169706e-02
3.145667420587845708e-02
1.555320748659576313e-02
2.335447123007505094e-02
2.611938197314421853e-02
1.406710318414027341e-02
2.538972361062334995e-02
3.357950881768088924e-02
4.269103282407288313e-02
3.157844168857847772e-02
1.120103122067838027e-02
1.462065713844321740e-02
3.971250652512366836e-02
8.356746827128419541e-03
2.769161448904069317e-02
4.081471064910786178e-02
2.324015506345247090e-02
4.040406378826134903e-02
2.355829015655623235e-02
1.064320511035823057e-02
2.538634187931588029e-02
1.134106587000526314e-02
1.554541414881585940e-02
5.991308368097016807e-02
2.151681312031114915e-02
5.587685480675772670e-02
2.546364243894114893e-02
3.572663717982923776e-03
3.770366633247449611e-02
1.893236319124036102e-02
1.544152009271382818e-02
4.021715131013380712e-02
2.824796698876498244e-02
1.851837879525373293e-02
5.896366582309547910e-02
5.807868678613346825e-03
3.117650507462516388e-02
2.875603642301917048e-02
4.215060009082761093e-03
4.108965978573708017e-02
4.277364255044473901e-02
1.634598441509529584e-02
4.140610179033530486e-02
1.892416733950512409e-02
1.339796804906046197e-02
3.189550870527737420e-02
4.358255463411554904e-03
4.091352411980270221e-02
3.811013424515882764e-02
4.539769342355190994e-03
3.184211197634050083e-02
3.531915944805295166e-02
7.511438085162196188e-02
4.132843131674072967e-02
3.358030606061453149e-02
4.420563127376691409e-02
9.574824922328199067e-03
4.218043559204025239e-02
4.730621155476148060e-02
7.906546782695231951e-03
3.781005889832517175e-02
1.424105848275913737e-02
2.781198739686760804e-02
3.530696210479040975e-02
1.859060554469537871e-02
1.821532559728269302e-02
2.754810715213844644e-02
6.908902759577451036e-03
3.060861486374957807e-02
8.904588532874778764e-03
1.445273437183219357e-02
5.872927649852944382e-02
2.186013022410707163e-02
3.067170290490628046e-02
1.788710001704278685e-02
2.702814182386846075e-03
6.300825950853183866e-02
3.317155756682738099e-02
1.287294584103024046e-02
2.582553030018004334e-02
3.082393772515485894e-02
1.021011820306713842e-02
3.734718504715241194e-02
1.447257857856785492e-02
3.441597168579725585e-02
1.855759460613086442e-02
3.586011913903295982e-03
2.988339379776079260e-02
3.403164832975488774e-02
1.636399225309741884e-02
3.081379411138960439e-02
1.329207923533212883e-02
1.323074395671059583e-02
2.802265485411566462e-02
4.174310914817865210e-03
3.060550261217704140e-02
3.587809927049843278e-02
2.673486456694999791e-02
3.512843865036091584e-02
1.931849056786866595e-02
2.188715895502073641e-02
2.424436585146399342e-02
1.687174844575579577e-02
1.193799166872906020e-02
3.135068962206256221e-02
1.201997443041767817e-02
3.855873677457898052e-02
1.168842157745273065e-02
5.140318247471227162e-03
3.614504525616266117e-02
1.581049076738013162e-02
3.031818202114826277e-02
3.688026577202187239e-02
2.250510949159187368e-02
2.565891276766363999e-02
3.309830612045095571e-02
1.110800292623812836e-02
2.681536697827508961e-02
9.486163283849007380e-03
3.107950039938286134e-03
3.963625143613860174e-02
2.327766338930799955e-02
2.938587791674713429e-02
2.425466592518792444e-02
1.317079368728317490e-02
4.189240892984251452e-02
4.269973343006903954e-02
6.283664119909411830e-03
3.176882384114174118e-02
8.713176079268202673e-03
9.737855195119370436e-03
7.222542183454906672e-02
9.405613308544532106e-03
3.004441144670473574e-02
1.716886992766101031e-02
3.581657013778374952e-03
3.213155186088464954e-02
2.718508362864135997e-02
1.328834045625010632e-02
2.766713560859629731e-02
3.773853086878934532e-02
1.449840552425201226e-02
3.010149671563192020e-02
5.426331174243879257e-03
3.264667590933956198e-02
1.589657721178714192e-02
3.204202258788386732e-03
5.119306241272350566e-02
2.669589647645521230e-02
1.882243311436293878e-02
2.787349858582611681e-02
6.733514331648585670e-03
1.216251743144548814e-02
3.006802337290960178e-02
4.288079389476779149e-03
2.976428513982842458e-02
3.298343312051248144e-02
1.473473489796167830e-02
3.762471297458895581e-02
2.214382361406794925e-02
2.178722366648489298e-02
2.640044618104679316e-02
6.378104453504328600e-03
1.301334166548072553e-02
3.221339404484762498e-02
4.898681824319066347e-03
4.149325721660746674e-02
1.713906584117962789e-02
2.624782016171676828e-03
2.968584036641496240e-02
2.455965784737871443e-02
2.696172324652053309e-02
2.560692559851359199e-02
7.146522237456636589e-03
1.528365269388880059e-02
4.136208166699660571e-02
5.547925951106516020e-03
2.988566839944853046e-02
2.261218335646425839e-02
8.698048100502253979e-03
6.646769480674756536e-02
3.331575311968648645e-02
2.399462510649361460e-02
3.837926257440846256e-02
5.097930785378960300e-03
1.896520036700768963e-02
3.370457729501618455e-02
3.930288711246009668e-03
3.638812635890518316e-02
6.000068176925696384e-02
1.869004684170801067e-02
6.697832230179234791e-02
1.605905112291841630e-02
2.367070079331421578e-02
2.603553602303298325e-02
5.850377409887611187e-03
1.066984772719560548e-02
3.426244430861623280e-02
1.871864733294917663e-02
3.302237446328740167e-02
9.388125666765020569e-03
4.039116640115731835e-03
3.263631223410739385e-02
1.742704053224255339e-02
2.504631655948405880e-02
4.452305719448382271e-02
4.683890990339081156e-02
3.418401930564044650e-02
5.318657678239479408e-02
3.798523025014245279e-03
3.324755546391066491e-02
2.306796959953578974e-02
3.062467522226767179e-03
2.978707846067236986e-02
2.507616180926959537e-02
5.494639940095236846e-02
2.360525335798036375e-02
4.492330372144082151e-03
1.691298323749722277e-02
2.344410694495335443e-02
1.432563171662621510e-02
3.778958706894355868e-02
4.526886959970182617e-02
1.211754654961397920e-02
8.659893839396112791e-02
2.140289452894869257e-02
2.768628370469012126e-02
2.127404707129502276e-02
5.133688087781926659e-03
1.234446448357158672e-02
3.477891098661273911e-02
1.040987366539116062e-02
5.453153394298644596e-02
1.876005793797265106e-02
9.738771498524778983e-03
3.603972481131066663e-02
9.793746074051704747e-03
2.757409137149412909e-02
3.922616575976300285e-02
1.262018197143819319e-02
2.910985879111422509e-02
2.407577151612872585e-02
1.230068808941463254e-02
2.714688246017183879e-02
8.832373147313801048e-03
1.176498925877687667e-02
4.396453124320277850e-02
1.221043405175657390e-02
3.150155405195405323e-02
3.153359602174107823e-02
5.703905300045156689e-03
2.651663762866504626e-02
2.083533953234994671e-02
1.499533220789966981e-02
3.644050557888320330e-02
2.281193342548902547e-02
2.655426718437870273e-02
2.858151781145948367e-02
5.830248353530422499e-03
2.768557125557423795e-02
2.973310352891619240e-02
4.458568458697473660e-03
3.793512126297928638e-02
3.202348569135022444e-02
1.656890154458189393e-02
2.943895148718691721e-02
7.369502166733052709e-03
1.459405204999582491e-02
5.427708614471182108e-02
3.130129309374871105e-02
3.446535028161110820e-02
4.080020194036076964e-02
8.826070349860614533e-03
3.867906988438562371e-02
1.696254596165564996e-02
1.730299018328060670e-02
2.991469315913975954e-02
5.503781334815168770e-03
2.096868152225835405e-02
2.979853656364032238e-02
7.932260322256282428e-03
3.100201712681141877e-02
1.517305621348802140e-02
2.372718316465796933e-03
6.726908649857858691e-02
2.415429529453228669e-02
2.088497746911712957e-02
2.390253536076883401e-02
6.207766133052436235e-03
1.799021736814088515e-02
3.589258187191898819e-02
1.351094792159380879e-02
3.245123408165159762e-02
1.174648316999653275e-02
2.288027740967548806e-03
6.778192939294301611e-02
2.413192387704997388e-02
2.931785180073252089e-02
2.695289991377505801e-02
9.227798224697065371e-03
4.965513691891273312e-02
3.791749274988625434e-02
8.637255476710596278e-03
2.757390361449409827e-02
4.016135315903215236e-02
4.068889001438502975e-03
3.379335371103343866e-02
1.394743828782318493e-02
3.455615819775065961e-02
3.055002789848636213e-02
6.128529470988787649e-03
1.402270735870345987e-02
3.125597349406941672e-02
5.293345028924214234e-03
3.918996621153966048e-02
1.229598529289443673e-02
1.279008760358433909e-02
4.156861852305668292e-02
1.384353926731935261e-02
3.716176972868485973e-02
1.561860132059164977e-02
1.409131002375480987e-03
1.971861288394246431e-02
2.327214031256039442e-02
1.885263418307337943e-02
3.627720659298113576e-02
4.351832739588079590e-02
1.743872373920451330e-02
2.713457124734337464e-02
3.294608519703821729e-03
3.391768810379418991e-02
2.884248542372420954e-02
4.933109374357959320e-03
4.824115444283322285e-02
1.598227594870545165e-02
2.043967312041638021e-02
2.903258686030917024e-02
1.268558598384180412e-02
1.792997724056431819e-02
2.950240268289738149e-02
9.473253890584697190e-03
2.933290145675964550e-02
2.861373126919457971e-02
9.180562274214350629e-03
3.254023272050748233e-02
1.896028530658621161e-02
2.637775550054285989e-02
2.396939914153672219e-02
5.780740378134637675e-03
3.501181510062912478e-02
4.646378383668439693e-02
3.767437602648845540e-03
3.257729094236670037e-02
1.349093707603884161e-02
6.792942604495031886e-03
3.265891917566246527e-02
1.290892104973708626e-02
2.764495332245687706e-02
2.798274357120821704e-02
1.653321081796420289e-02
1.947063928063624133e-02
2.381935046967871908e-02
4.184805527212560189e-02
3.013108936986844122e-02
1.380929877437266085e-02
1.538641760528918281e-02
4.582766892127763947e-02
2.835032844097338384e-02
3.297891399599710283e-02
1.849623042629100142e-02
1.770122051820285577e-02
7.126346680511658205e-02
2.225289848840944149e-02
1.432608617861073734e-02
2.955672537073509437e-02
2.711581756382180561e-02
1.415866869702489192e-02
4.969108656844920674e-02
4.690422385438461177e-03
4.574796160328335054e-02
4.497620627205638211e-02
3.058488249348660908e-03
3.464791513863731826e-02
3.113832638732808716e-02
1.580122047317812292e-02
2.677723399418337896e-02
6.365332247098931182e-03
2.095170111506625826e-02
7.387593481877306745e-02
2.187692486461811914e-02
3.026257974955241792e-02
1.726988260203055070e-02
1.180837287552566513e-02
4.188963786382597643e-02
2.663890122175574873e-02
2.653570588375723377e-02
3.252869105236403519e-02
1.853451355289769190e-02
2.984308324541215182e-02
5.071366854571852933e-02
1.366541581497813899e-02
2.929588111205284548e-02
3.358578621086207028e-02
1.302336662459311484e-02
5.989906133637404317e-02
3.586587516688490712e-02
4.443563693930797920e-02
2.129890226037628800e-02
5.644300201626735805e-03
1.331559451856433214e-02
2.826459393168023401e-02
7.659095673209787708e-03
3.294964153267052054e-02
8.277100333838728272e-03
4.422971847300075088e-02
5.520403721285934567e-02
7.927157693387141754e-03
2.677921848582757655e-02
2.869733761184119908e-02
2.157566926602303564e-02
2.141442692306494769e-02
3.515824402149513028e-02
2.478614925387911949e-02
4.725088795882663451e-02
9.426294146037338464e-03
4.660229216232039326e-03
3.738424988644482166e-02
1.372225236214489642e-02
3.636166044435568123e-02
1.841932228156976589e-02
3.811821774230026837e-03
5.916729948423346541e-02
2.045250657673493982e-02
2.035415474082765200e-02
2.784445428026514208e-02
1.051678034318088810e-02
1.632730646057229187e-02
4.888176954197803736e-02
1.083002225506814013e-02
2.859451879075503369e-02
1.097282116936601840e-02
1.946347142227599671e-03
4.467355684372684155e-02
3.643770204041860833e-02
2.386113776205674164e-02
2.409535039081998203e-02
6.238192509172652868e-03
1.457289118037402402e-02
3.097416375412721801e-02
3.960422763410019129e-03
3.216136463594460732e-02
3.357893868425230327e-02
2.605438903622616861e-02
3.436888682775900844e-02
1.290655138845727898e-02
2.551432418208077896e-02
2.242362990773340281e-02
4.309492101930883709e-03
3.369586323494846297e-02
5.208635785159072829e-02
8.594036825268446672e-03
2.838630883181522679e-02
9.115001327069917336e-03
4.513282821605624218e-03
3.423552762807990230e-02
1.567484417319247453e-02
2.839488985502237883e-02
1.825630041013211191e-02
3.485503707429074560e-02
4.170042996966640686e-02
2.171515567239148264e-02
1.541919722255376095e-02
4.314950182600913592e-02
8.651860487305037400e-03
3.267406062928242261e-02
6.174993419420638646e-02
7.354713121658940436e-03
2.928993676969090382e-02
1.663880400705184878e-02
2.853753823573976483e-03
2.347271411078387729e-02
2.659760090877869368e-02
1.497000611147484075e-02
2.647647887893290683e-02
2.674717663000032025e-02
3.399928231257601935e-02
3.086296991256377159e-02
7.983304442032858328e-03
4.678182451551753801e-02
1.240167727603721202e-02
1.686061221150633596e-03
5.014109494178527193e-02
1.474298258782582791e-02
2.190872774150242827e-02
2.581315952909939843e-02
1.203151852363977189e-02
2.019222275024704083e-02
3.290131235190571490e-02
1.080888040399474899e-02
3.863958706448428898e-02
1.912069429312287377e-02
3.447659316778429323e-02
5.463172041168183612e-02
3.323415906326902813e-02
2.707571698645449068e-02
3.558943411896733910e-02
4.883679009857359865e-03
1.230289010290245254e-02
2.806475413060464247e-02
1.348582906598281769e-02
3.818715760815240279e-02
9.729411300073768226e-03
9.181504128312421506e-03
3.118608989117217442e-02
1.198154520179936858e-02
3.716612404862286445e-02
2.006879374494128024e-02
3.611849242909327684e-02
6.397417034798048852e-02
6.071787206071102561e-02
1.195139078918518345e-02
2.569511095658915528e-02
8.000608510497143888e-03
4.578349237700942917e-03
3.997893705792449071e-02
1.294402157286658576e-02
5.577663774367117716e-02
3.705567644760408147e-02
5.051119235865872588e-03
2.761698299899087439e-02
1.871460360738344195e-02
1.650999031055000801e-02
2.765189636868636835e-02
2.179644874597036139e-02
3.946039175690991413e-02
8.571209711482637161e-02
5.939779864402302406e-03
2.798367124529789127e-02
1.316751118434302155e-02
2.798304017754554493e-03
3.830389918008142436e-02
3.005609720865990223e-02
1.593766071026534240e-02
2.468498002272755121e-02
3.646382420051407641e-02
2.054200441205936839e-02
4.075270864055359488e-02
1.218512049958699398e-02
3.272819694923494172e-02
1.095778303736476625e-02
4.663893486664782984e-02
4.148508514461956426e-02
1.448224980397310249e-02
2.271567451100697799e-02
2.302489762477271870e-02
6.602312553095790459e-03
2.946187655617911808e-02
3.098064275576735069e-02
8.866088479470679573e-03
2.935930719605413242e-02
1.309482889049110726e-02
1.202281175559919910e-02
3.532790490299624747e-02
1.533638564657056023e-02
3.002740013465313162e-02
2.111144638000151189e-02
2.949712455875851125e-02
3.071342809664040149e-02
3.392156574802562830e-02
5.345327146279376176e-03
3.134962296737921900e-02
9.493564390739315378e-03
9.409163487846764623e-03
2.865718297912385470e-02
8.236136776897405587e-03
3.181803391602569531e-02
1.930513893140076501e-02
3.613129131233535404e-03
3.240320515988415195e-02
4.291959549511215749e-02
2.273312004695780125e-02
3.180270023796263196e-02
1.238681385818272973e-02
1.566835008364819010e-02
4.222359780446401090e-02
2.133517692558514409e-02
3.589136195662293721e-02
1.677458435336226170e-02
3.674533988777319363e-03
2.773730842482849748e-02
3.127522557832169980e-02
1.897974378699615605e-02
2.963649278283456839e-02
7.354334885502803593e-03
1.337580624954117642e-02
4.759965731253757576e-02
9.511796511311601879e-03
4.026418776667060190e-02
1.539036697669438070e-02
1.850944335418287442e-02
3.906373590695259856e-02
3.228786529196676219e-02
1.802689640684100245e-02
2.703901686752567535e-02
6.341719770448734327e-03
1.378764142336136138e-02
3.303214119476627353e-02
1.906609958515149972e-02
3.253546248836642479e-02
1.298443659483531493e-02
5.114879177634730489e-02
4.298777566741707190e-02
2.649667733681948523e-02
2.862466523878537047e-02
3.314791112176664056e-02
6.597028992136970242e-03
1.213859399617357726e-02
3.805916877991262492e-02
1.380796409585425058e-02
2.944513197830841630e-02
1.996249865954290853e-02
7.413236967120364826e-03
3.342115570937976426e-02
1.550087831691626325e-02
2.604795938702936936e-02
2.272445163475716318e-02
3.802871286740991397e-02
2.792531080263530030e-02
2.793630675526742255e-02
3.246590284802692433e-03
3.006902658237125409e-02
1.018718676494307328e-02
8.926699792430364128e-03
3.082649683263902554e-02
1.063197470097582142e-02
2.578684811822488238e-02
2.138293010019010412e-02
1.116411540346163092e-02
3.068408737884615461e-02
4.413108227292026481e-02
1.199886617459779148e-02
2.704044684102745524e-02
9.399956889902836427e-03
4.489876002547218796e-03
4.093465211853029168e-02
1.656531973634177424e-02
3.253187674430082360e-02
1.757080290853041751e-02
4.016307386845434368e-03
2.838190407551258523e-02
3.617159886281279962e-02
1.394069714979861638e-02
2.878750000126482217e-02
6.849137233471294314e-03
1.304612757927999141e-02
7.688410174695402277e-02
6.709696947198427568e-03
3.046876774950469172e-02
1.444405730785790209e-02
8.472130006243432446e-03
3.449907002330398348e-02
2.970657205036186105e-02
1.756611992281063850e-02
2.682791188676309294e-02
1.514165407682441754e-02
1.410030601805953819e-02
3.750983276453834919e-02
3.748710005427026599e-03
3.112591472098586581e-02
1.369296392640372180e-02
2.767484567195072770e-03
5.593664430563602408e-02
3.595445121290436613e-02
2.636928204372694651e-02
3.372748652434152949e-02
1.951864123677411397e-02
2.850948906056394172e-02
2.254265691115010101e-02
2.540851773577666728e-02
3.006663092076164445e-02
1.099508570931711712e-02
4.103227431119929776e-03
4.387605027531599894e-02
2.390502169570498520e-02
2.934501779934580584e-02
2.185767304689239729e-02
9.330546939421096794e-03
2.326843165426433629e-02
3.191673504307638437e-02
1.722172917474761727e-02
3.296581905626207870e-02
8.703623428394051745e-03
4.221588285457682915e-02
3.232654309529801873e-02
8.033034630088756872e-03
2.858539254711317187e-02
1.750254390056108639e-02
1.035380315778003206e-02
3.207782433127862043e-02
2.465445260649894860e-02
1.982345123769344714e-02
3.656266433535912408e-02
7.906554056791199880e-03
1.416956886716484731e-02
2.996126000359122452e-02
4.178355583412994047e-03
3.130481318147299713e-02
1.491307457313595895e-02
3.963285544704681779e-02
4.604082327752914705e-02
3.128046148109443064e-02
2.695037862791810693e-02
2.681259299000363430e-02
5.301304505352204266e-03
1.554099672133639649e-02
6.405065045365400389e-02
7.381528979565610098e-03
3.982039619806328201e-02
1.294629691307461715e-02
4.818053279467824843e-03
3.437202212644568239e-02
1.828375400828754702e-02
2.485866014405613278e-02
3.115496271877429141e-02
1.881248617225758993e-02
6.167058712141524485e-02
3.453097680316323526e-02
4.675079146611668506e-03
3.117252307191826013e-02
9.193534138938704026e-03
3.364609893678034095e-03
4.763126128904775908e-02
2.501658085939160309e-02
3.743042438924123333e-02
2.704755371544241907e-02
4.522714835929288191e-03
2.210219647755785194e-02
3.148026239218630618e-02
4.217435056778540831e-02
3.342128100176894323e-02
9.093088885101808724e-03
3.829203043188528915e-02
3.905830712042715480e-02
1.221743750537166925e-02
3.218089847858673219e-02
1.823531033668488247e-02
5.050171986888315860e-03
2.839661135057432520e-02
6.099004410243912683e-02
1.597026065819404095e-02
3.005328024277965915e-02
6.226827789324579539e-03
1.156273581584534547e-02
4.044887715046794480e-02
4.896180833560017862e-03
2.953251667025303881e-02
1.475854589436791965e-02
1.419876671870485933e-02
3.417892040143858529e-02
2.232889706891336840e-02
1.708357953929770523e-02
2.556729156870586259e-02
1.351585287510920393e-02
2.122714676414032622e-02
3.826510659037819784e-02
6.645969367837115636e-03
4.954862667397145343e-02
1.561567453770172816e-02
4.282096559749842823e-03
4.553784433145896537e-02
3.533978162935483280e-02
6.817282424656131989e-02
4.140165209200939028e-02
5.180062420892942582e-02
3.057294372152503242e-02
8.859847844453760946e-03
2.776202258606694229e-02
1.993524355688621255e-02
8.121496505208552694e-03
3.381243624965014904e-02
1.362525426892810185e-02
2.730200845423154388e-02
2.255588015050527875e-02
6.204172949673812665e-03
1.368957575468214040e-02
2.653462742955053216e-02
5.351098774444023112e-03
3.422510104888342591e-02
8.980365217826276683e-03
3.711248731699049591e-02
5.052826882361968752e-02
1.637893411267801400e-02
2.888872239634998965e-02
1.831943152386962190e-02
1.066308730519150566e-02
2.905721309861039950e-02
2.427423531741648016e-02
1.548464349285854844e-02
2.806085409939368044e-02
1.148918184421127316e-02
2.232018185382276046e-02
2.905928902964234964e-02
5.285252388083941551e-03
4.464254866470934724e-02
1.645421290881513704e-02
9.494218531228800981e-03
4.540895552771666982e-02
4.169468302250026182e-02
1.679505580999362743e-02
2.794538667631842749e-02
5.036177860345714130e-03
1.211283608157048136e-02
4.269891578183592634e-02
5.057048631709472677e-03
2.980474531866666651e-02
2.768935529942939330e-02
2.834541476773561920e-03
3.109837268688849660e-02
1.969542580496904532e-02
2.236119082103609976e-02
2.490742965803474998e-02
5.419927754994799049e-03
4.925942775343091634e-02
4.501085419199682414e-02
1.419260513739348077e-02
3.236086567256514501e-02
1.113186329409848914e-02
2.972872406249057499e-03
4.895286265779132812e-02
1.444245068689107604e-02
2.859377875536310912e-02
2.189698021966908492e-02
4.688955145025382187e-03
2.070068897472753661e-02
3.758744911045211468e-02
1.267933834668089066e-02
2.913112003033043254e-02
8.956185425506833081e-03
2.384631289523295519e-02
4.776463923170138487e-02
1.354288495663868996e-02
2.965660792463587631e-02
1.930214546933218395e-02
9.459870020912510002e-03
3.792403795706024427e-02
2.064479698558532167e-02
1.509890102361272253e-02
3.024337986551365806e-02
8.518865380381197491e-03
1.269912136669260755e-02
4.822235130535044989e-02
2.790390022710461521e-02
3.473377596058407207e-02
1.543364861218868810e-02
3.373752627178353697e-02
6.244355675759321461e-02
2.423015656024800346e-02
1.712201079720988145e-02
2.515470896990659733e-02
5.079162972400109999e-03
1.195177278759954748e-02
3.052205691105778010e-02
5.488722357550239114e-03
6.378352383029603501e-02
2.668475425885086932e-02
1.279606055180995509e-02
5.379434365795635747e-02
5.669592678218323550e-02
2.185502414551727945e-02
2.399354125591445300e-02
5.812613730037372896e-03
7.707066482094836191e-02
4.318329849450179558e-02
6.136409070621064339e-03
2.723167876123262429e-02
1.139753829079257451e-02
4.431073703078411245e-03
3.956839095724149630e-02
2.500515464086293382e-02
2.837948640408698500e-02
4.236411863106756548e-02
6.081495897649699493e-03
2.778627043622605014e-02
5.762726528164667517e-02
1.508811199441224826e-02
3.581944040086887382e-02
1.569187504356775800e-02
1.300022194477101940e-02
3.785938523221171748e-02
1.155006289549176737e-02
2.869169787890649831e-02
1.905021411741415066e-02
3.787178791062388757e-03
3.115826819105998666e-02
3.015931583702444879e-02
1.201908656940810748e-02
2.637704782330986542e-02
1.013738582145919283e-02
7.766221079772593280e-03
5.916412213852898644e-02
4.644329104563418853e-02
3.582921606842354167e-02
1.715531795179159671e-02
4.213416756167835155e-03
3.516596389081855234e-02
2.255653413689685111e-02
1.610997695964032708e-02
2.908872471667763027e-02
6.510326203383662649e-03
2.064694018671657874e-02
3.507161051181877792e-02
1.925395545144454462e-02
3.160043571984447880e-02
1.353098609881035926e-02
2.793637861699309419e-03
3.163090797461537429e-02
2.578529753199096386e-02
2.174011809595324807e-02
2.382481563023751761e-02
4.996070879672753068e-03
1.491840759537459496e-02
2.923822444116979183e-02
2.317312281571493743e-03
3.315316882658050218e-02
1.320201588923052699e-02
1.398855368760223809e-02
5.893979015506529973e-02
2.008586628651062508e-02
3.864367686423976489e-02
2.327863053632092324e-02
5.644756955833055839e-03
4.433573661368993279e-02
2.601096654553972445e-02
8.377860667084230731e-03
2.890879250791981644e-02
8.144792068112124972e-03
4.274863484169284800e-03
4.789633314046130852e-02
4.165937985696093609e-02
3.161867153384444185e-02
1.945624005681518762e-02
6.187776717805698427e-03
2.604082682547845251e-02
3.681789106382233473e-02
1.658620809727255965e-02
2.951679256465071510e-02
7.228430621161951834e-03
2.448176935291508302e-02
5.570451242438451828e-02
5.962297218073205410e-03
3.097104213895839411e-02
2.165256560833619601e-02
1.338351237640096267e-02
2.366536166762729654e-02
2.320643076259268356e-02
1.477290380915677152e-02
2.550694199020685574e-02
7.489723567437595389e-03
1.259260946722864059e-02
3.946032368034457088e-02
2.583164427745740510e-02
3.141396998841330251e-02
1.377040729640324063e-02
2.431716821637576551e-03
6.352134396942572814e-02
1.581672180435095970e-02
3.032343772996243941e-02
4.718705984756189215e-02
6.769067774427431176e-03
1.347822448325683257e-02
3.003722194142399715e-02
2.024951630899975846e-02
3.245091452606304466e-02
1.056803606192674959e-02
2.645063198793013749e-03
3.407649679561217809e-02
4.070547550286159749e-02
2.494532009307508930e-02
2.249830668205770809e-02
5.457060203800455367e-03
3.124668273586926961e-02
4.610320621329182245e-02
6.509553096279623551e-03
3.403251198485855028e-02
1.004072720825596385e-02
1.397182017447901048e-02
4.101110441024678754e-02
1.168754461450371984e-02
2.694644519420363177e-02
1.976636465156152156e-02
4.176587870136152202e-03
4.513603862930665872e-02
3.361076330435885245e-02
1.746818131082764070e-02
3.314812192080331121e-02
1.458846451913697190e-02
6.478285256360605780e-03
7.095211835459148964e-02
1.459039662974642888e-02
4.100224857865402556e-02
2.144583898684259554e-02
2.956731486473841361e-02
5.735966502520093574e-02
3.918358313121794029e-02
2.566943869232787140e-02
2.992859285161069902e-02
6.522061539631928556e-03
2.099063687756079488e-02
4.275136297046926159e-02
6.608518994822428286e-03
5.960127196206289196e-02
1.362918453533467668e-02
3.028204918885163324e-03
6.727880425687604582e-02
2.524981665085262658e-02
2.085309468807180697e-02
2.350662146820383866e-02
5.780394391448321137e-03
2.970696846462501581e-02
6.928702441870425444e-02
3.309181349268357220e-02
3.176261248214287680e-02
1.131220548630714265e-02
2.720239784520400196e-03
3.212644537949320422e-02
1.798230072063173451e-02
2.561984943518944013e-02
4.083906500059136802e-02
1.347270328285411073e-02
2.811814086507646512e-02
3.888088354253840112e-02
9.184600536563013867e-03
2.927719340488568051e-02
1.045836988163827488e-02
4.839154588156350037e-03
4.379708494583029604e-02
4.984302343543015046e-02
3.133106548338246422e-02
2.755797302170770458e-02
5.111339519191773241e-03
1.349517752173197763e-02
2.872213981875965799e-02
7.573095070306504716e-03
3.696617041956445915e-02
1.638414452072351271e-02
1.883856521135615983e-02
6.639738790933706614e-02
3.704930026751758476e-02
3.918332425904497152e-02
1.752770621757438613e-02
3.547805075163129856e-03
3.652263513044083643e-02
2.754043559526869051e-02
1.627347226186140819e-02
2.881975689778648597e-02
6.579010890440697458e-03
2.110039135529667015e-02
6.115870057487320099e-02
7.209771786258266195e-03
3.290767389089428036e-02
1.678129153745592725e-02
4.265273418303505530e-03
3.209163581540187826e-02
4.318684333006644199e-02
2.243005350757224653e-02
2.837632475652658928e-02
6.488922227278250306e-03
1.325728980337486859e-02
2.843126785968494788e-02
4.410631983358824851e-03
3.246135317744245491e-02
2.659471479339741221e-02
5.249884768423349925e-03
4.603945711968283200e-02
1.551251444046368097e-02
2.573262283084554874e-02
2.582392343329009687e-02
3.014749934465761009e-03
1.394223354521797326e-02
6.840546205175321304e-02
1.857756971148219818e-02
4.182029407144651628e-02
1.947791709842298935e-02
2.553029746717311310e-03
3.338360821942448070e-02
1.297407651651967531e-02
2.957416318481977113e-02
3.087887390128727164e-02
9.460419939649404586e-03
2.296073577629869494e-02
2.355676440940725203e-02
1.067947180210158248e-02
2.901675339194768541e-02
7.411926140685074806e-03
3.871184455310981362e-03
4.508286588177878862e-02
4.398992492137442784e-02
3.682046036652032728e-02
1.771585818297495563e-02
4.076289083734597682e-03
2.614253895775262015e-02
1.961812760765236502e-02
1.559835464327206933e-02
3.012784764478885005e-02
7.697597492054172180e-03
1.322339797382987049e-02
2.850778811065024509e-02
1.866888548491623875e-02
3.050110166797776606e-02
1.401975617246326196e-02
3.876079923590228758e-03
2.407032495470526334e-02
2.857858876304015389e-02
2.306626446312507253e-02
5.760146674958342705e-02
6.946933820378084663e-03
2.281570757080815526e-02
3.068573304967317505e-02
5.407552776770295153e-03
3.410644718815514925e-02
1.385835708126394693e-02
7.469646984640746466e-03
5.398977282882659601e-02
2.773560966869181160e-02
3.620407842008744465e-02
2.414964126003530873e-02
5.050902771712890114e-03
2.049653875502389574e-02
2.582425120586487668e-02
2.033799516439707689e-02
3.138976891950000236e-02
3.348731938259900953e-02
1.278541275695294077e-02
4.612318052395134038e-02
2.139328480256160944e-02
3.996884173206414342e-02
2.196947791969307284e-02
4.149203947980563585e-03
1.329325037571568204e-02
4.888810959003079409e-02
2.794852900867486611e-02
3.346021477498986596e-02
8.915386400109212225e-03
8.797293682842466031e-03
2.814356899574092102e-02
7.780397501248158959e-03
2.708758098608678166e-02
1.830675173866306779e-02
1.818553509752639241e-02
4.180114878324597827e-02
2.964814628169165633e-02
1.306739102908203304e-02
4.118650119541736321e-02
2.070221787236144889e-02
1.631873202385334190e-02
4.057284135096951572e-02
3.930515727695821360e-02
5.155015453916506063e-02
2.650605177294349662e-02
5.004169087859109029e-03
3.074411126995468466e-02
2.122393234772273693e-02
1.854609738473397829e-02
2.773748308521182399e-02
5.357939313512900467e-03
2.228682285878471475e-02
4.969450354795707653e-02
5.160138789040606168e-03
2.910645860089096371e-02
1.339807521667968175e-02
4.013067803591125436e-03
4.629077590690805488e-02
4.418076560249564050e-02
3.444184513584355734e-02
2.341079436905951078e-02
6.179083737441927980e-03
1.384234109669976905e-02
2.932810661234034125e-02
3.093234051625605528e-03
3.007481945036075480e-02
1.156400093367471876e-02
2.911029307818538761e-03
3.387317808591108759e-02
2.545776622590782690e-02
3.121616853316270743e-02
2.246157327985108532e-02
1.014425916520731406e-02
2.730057879676765775e-02
5.321084095841627226e-02
1.782283201321985949e-02
2.894800795759585113e-02
9.091757776219679468e-03
4.668088606150731096e-03
3.719289725121963097e-02
1.385611336145553540e-02
3.110816285453971500e-02
3.044463408228718568e-02
4.241708419212603283e-03
2.766893993753704109e-02
2.293848048230251804e-02
1.470142377470302214e-02
2.939496337694227218e-02
5.673868138294382336e-03
1.357497849712685327e-02
4.876825353795877227e-02
2.026496934993374244e-02
2.990304565233608061e-02
1.526854166356835830e-02
4.257429983126777978e-03
3.710059671407708176e-02
3.169101052005048047e-02
1.762335319734618239e-02
2.515350373964180680e-02
6.988363045222980782e-03
1.424243111939548986e-02
3.331142691631595876e-02
4.326823718892006121e-02
3.286333185519094841e-02
1.566499262805160983e-02
1.761400402716523442e-02
3.040388617123382722e-02
3.495362236698859593e-02
2.168789615503209645e-02
2.479256506544020786e-02
1.818297515224100158e-02
1.181045352527568086e-02
3.150103746137652982e-02
5.825654511276720168e-03
3.045317591229590795e-02
1.054252066385932309e-02
4.114343092739481365e-03
3.666924259013468884e-02
3.510953677765016323e-02
4.417320386844567764e-02
2.207824360686600970e-02
4.467381363743753303e-03
1.477197876784906196e-02
5.600585777416722949e-02
1.705969922233604302e-02
3.142287372881073099e-02
8.033476919053521986e-03
8.150998308026626352e-03
3.543582413146673799e-02
1.634344384300346481e-02
2.753434184082826849e-02
2.660332662694025671e-02
8.144950861901031208e-03
2.230185337744077650e-02
2.345069890205787530e-02
4.423908899632659347e-02
3.450143200244513986e-02
7.496132055243504184e-03
4.558470534869920286e-03
5.605223349124464211e-02
4.188658435765734572e-02
3.543916296794349940e-02
1.608470074268122593e-02
4.041704250626360941e-03
4.049438075647549679e-02
1.959638793536543078e-02
1.849744703071285606e-02
2.846186239015006600e-02
5.347185822967275015e-03
1.382949964764902673e-02
2.940482116288899855e-02
2.582590297966881610e-02
4.154555923063730366e-02
2.266970326869333779e-02
9.185443547173068740e-03
4.019048146072045496e-02
6.985133843057726721e-02
3.801264169712947200e-02
2.711768367083655651e-02
1.106447754062257066e-02
2.484772470514930859e-02
3.265592052477581803e-02
3.580772831042931814e-02
3.410289167925367043e-02
1.385767267839482959e-02
6.577715489016092848e-03
3.688517807351083394e-02
2.500613951657564699e-02
2.304645761850409799e-02
2.279698770340668826e-02
4.625115626410319404e-03
2.112939262720849032e-02
4.049246210324092266e-02
2.441103732193317805e-02
2.865465325548781361e-02
1.340774591550220399e-02
1.207392494977417574e-02
4.594577132733107527e-02
3.174917895160386805e-02
3.951031212734783249e-02
1.963398761018620917e-02
4.177488271111314856e-03
1.336975428027947950e-02
3.949126621440075813e-02
1.912184245682414796e-02
3.001954241506599522e-02
7.106515903185136804e-03
1.424125304251756471e-02
3.723635057129063425e-02
2.420693105059513670e-02
2.802822742861882030e-02
1.664538624722153998e-02
2.260685933378095858e-03
2.243978966239163625e-02
3.105370874786590046e-02
2.341916756086322854e-02
2.757596263060799538e-02
7.319210725786918018e-03
1.520771517685778375e-02
3.609150562201342283e-02
1.399778195763577877e-02
3.002439725829894601e-02
1.515151263731984860e-02
3.602319688721429807e-03
3.135995507544463851e-02
4.203778568067875754e-02
2.975633637297526654e-02
2.507378943529338031e-02
5.610778758596948572e-03
1.113436999910808953e-02
3.066700119097251140e-02
2.452207424854154980e-02
3.133279275125346042e-02
1.163740059433689134e-02
3.894878439684266048e-03
3.275810590232142161e-02
1.613114635211201561e-02
2.458096748774231052e-02
2.326267903351340177e-02
5.785840659885987426e-03
1.303676783366320042e-02
3.370747503597785327e-02
4.389210366961866089e-02
4.075901509821532043e-02
9.381184884045951772e-03
2.484936892091685681e-02
2.956639617682442836e-02
8.759305276156531886e-03
2.821067185594473836e-02
2.034783286359441792e-02
3.061588101751348736e-03
3.046971154507511007e-02
2.968932883397030348e-02
1.370333862574592450e-02
3.514549738501678011e-02
1.582787217165072119e-02
4.847106695403493801e-03
3.384468484183214554e-02
2.925222478058605441e-02
4.976133953852149294e-02
1.776467728337081942e-02
4.926242147546530496e-03
4.725043452150617940e-02
4.061759559845324469e-02
1.943914068853389021e-02
3.602594153365221846e-02
6.183567373914139291e-03
1.619780311725080302e-02
3.613288017260929408e-02
3.119108180427778831e-03
4.278436629174602046e-02
4.905112861304603000e-02
6.086387177676243036e-03
2.235060768639902593e-02
2.165137228348055359e-02
5.548034690189350415e-02
2.758247704158201669e-02
5.738676619662130482e-03
1.246316989800085387e-02
3.658809542563239842e-02
2.149444693660496758e-02
3.238161744081420601e-02
1.266741541120535927e-02
2.664418032865918749e-03
4.177637655379800447e-02
2.293843802448267480e-02
2.054443155608360119e-02
2.251825460205612167e-02
5.699107060743073029e-03
2.076340689175747850e-02
3.210864114199199482e-02
2.171698112641213055e-02
3.053864816987524045e-02
1.178753439234272483e-02
3.526399184894497222e-03
3.570670232966777907e-02
1.899270429659463688e-02
3.255437779010680183e-02
3.133820317263535243e-02
5.536732693276090987e-03
2.243761052624921801e-02
4.121901525688227708e-02
3.970231274090830348e-02
3.220095876088027720e-02
8.019172772423078382e-03
1.020229604045877654e-02
3.090084171772213006e-02
7.805349537496999654e-03
3.367513500957371175e-02
2.248209274671632285e-02
3.241359814341625029e-03
2.145596964394650211e-02
2.529764562286798343e-02
1.316551898323807361e-02
2.660725662156120802e-02
2.077472520609554771e-02
1.589483798728962352e-02
3.120759493046782254e-02
4.974642724714784664e-02
3.598656329153680777e-02
1.518680539870937395e-02
2.710345218518088895e-03
4.204696606816889226e-02
1.622349526081493312e-02
2.009914612305002332e-02
3.015351994459676901e-02
7.580467699509851540e-03
1.182401881533443576e-02
2.803665437761948542e-02
3.659977620778181052e-03
3.134727979993592178e-02
1.447788376715583754e-02
4.517159652378008143e-03
3.549763182999340905e-02
2.606370915396915774e-02
7.752626835811309014e-02
2.084972146834056586e-02
6.144300922753715560e-03
1.579279738573936137e-02
3.146646102150951058e-02
2.858385364340059950e-02
3.337955602290145624e-02
8.915983993198378296e-03
4.344210089016426433e-03
3.267383113606460443e-02
1.537936258663161887e-02
3.354414437043874708e-02
2.859288789238532275e-02
4.838935646238716123e-03
3.014343398302147398e-02
2.845992968514717003e-02
5.366723042652548487e-02
4.033522457584627630e-02
1.525378012988148381e-02
6.689788066755451325e-03
3.785517206098200360e-02
2.179479677130355744e-02
3.781615774642787392e-02
2.739206850398294771e-02
4.415560929842992331e-03
2.763767867855123836e-02
2.018596013094499375e-02
1.553085091679209245e-02
2.926828307980521363e-02
5.069842757354271930e-03
1.255360824778575107e-02
2.952221092576225170e-02
2.808750968971258921e-02
5.587333772300762808e-02
1.453840619794488642e-02
4.007269250938336885e-03
2.090529481466964212e-02
2.410213832635537540e-02
1.730356235865799369e-02
2.513378074720446984e-02
1.895572352989617279e-02
1.029182821034697708e-02
3.163588140383895991e-02
2.034951236740457914e-02
4.844130239773904861e-02
1.319818783792331071e-02
4.216927641873641566e-03
3.192848694076186322e-02
3.037080145999757758e-02
5.186044715619300000e-02
2.442219755569790401e-02
1.011895130397359732e-02
2.562491734880989469e-02
2.249110293933211102e-02
9.444401596109493202e-03
2.995032426161343270e-02
1.557092737652544107e-02
